   17.4 0.979  
    8.9 0.873  
   19.4 0.967  
   15.5 0.952  
    8.9 0.876  
    7.3 0.976  
    9.7 0.823  
   22.4 0.999  
   16.9 0.982  
    9.8 0.888  
    9.6 0.994  
    7.5 0.494  
    8.6 0.936  
    4.1 0.932  
   11.8 0.935  
    6.8 0.599  
   22.9 0.930  
    4.2 0.988  
   20.1 1.000  
    7.5 0.870  
   33.2 1.000  
   16.7 1.000  
    4.9 0.806  
    4.9 0.688  
    5.6 0.714  
    4.3 0.826  
    6.6 0.944  
    5.9 0.992  
    6.2 0.625  
    5.2 0.858  
    5.8 0.945  
   10.5 0.988  
    9.1 0.828  
    8.6 0.684  
    9.3 0.719  
    7.1 0.638  
    9.3 0.886  
   33.0 1.000  
    6.3 0.661  
    9.9 0.933  
    8.2 0.991  
   10.1 0.469  
    5.0 0.940  
   16.5 0.649  
    8.7 0.991  
   14.4 0.516  
    3.5 0.695  
   13.1 0.988  
   33.3 0.999  
   19.8 0.999  
    7.9 0.577  
   13.4 0.990  
   19.1 0.958  
    6.6 0.935  
   13.8 0.962  
    2.4 0.929  
    7.0 0.876  
    9.0 0.982  
    8.6 0.503  
   11.7 0.860  
   10.4 0.977  
    9.7 0.796  
    6.2 0.997  
   10.6 0.460  
   27.7 0.994  
    2.5 0.933  
   13.3 0.996  
   12.4 0.101  
    2.3 0.745  
    9.4 0.243  
   13.0 0.031  
   13.6 0.268  
   26.4 0.245  
   23.7 0.886  
    8.3 0.083  
    7.0 0.910  
   11.8 0.729  
    5.8 0.596  
   12.5 0.013  
   16.4 0.195  
    5.2 0.770  
   11.0 0.245  
    8.1 0.555  
    5.6 0.505  
   14.2 0.999  
    7.6 0.659  
   10.2 0.239  
   12.4 0.462  
   12.4 0.877  
    8.0 0.869  
    7.8 0.632  
    5.6 0.380  
    
