   18.3 0.634 
   14.9 0.004 
   28.8 0.000 
   30.5 0.000 
   20.3 0.000 
   22.3 0.000 
   35.6 0.000 
   37.1 0.000 
   52.9 0.000 
   18.9 0.000 
   24.2 0.000 
   17.9 0.009 
   18.9 0.000 
   17.1 0.000 
   28.2 0.000 
   39.1 0.000 
   43.7 0.000 
   38.2 0.000 
   27.9 0.000 
   15.0 0.003 
   33.4 0.000 
   55.6 0.000 
   25.8 0.000 
   35.4 0.000 
   42.3 0.000 
   33.5 0.000 
   22.5 0.000 
   15.6 0.002 
   51.6 0.000 
   43.7 0.000 
   18.6 0.011 
   22.4 0.000 
   37.0 0.000 
   58.1 0.000 
   57.6 0.000 
   27.4 0.000 
   13.7 0.005 
   44.5 0.000 
   23.0 0.000 
   19.0 0.000 
   91.4 0.000 
   39.6 0.000 
   39.1 0.000 
   24.3 0.000 
   33.7 0.000 
   35.5 0.000 
   37.0 0.000 
   30.8 0.000 
   37.6 0.000 
   34.5 0.000 
   27.0 0.001 
   26.9 0.000 
   32.0 0.000 
  452.6 0.000 
   21.5 0.000 
   35.4 0.000 
   14.9 0.004 
   90.3 0.000 
   26.1 0.000 
  112.3 0.000 
   24.7 0.000 
   37.5 0.000 
   22.7 0.000 
   32.9 0.000 
   23.5 0.000 
   18.9 0.000 
   21.2 0.000 
   41.7 0.000 
    8.7 0.508 
    9.1 0.097 
   13.0 0.008 
   32.3 0.000 
   69.6 0.000 
   31.4 0.000 
   35.9 0.000 
   15.5 0.001 
   18.8 0.000 
   75.7 0.000 
   18.1 0.001 
   27.0 0.000 
   30.9 0.000 
   21.9 0.000 
   48.1 0.000 
   15.1 0.019 
   26.6 0.000 
   27.5 0.000 
   26.6 0.000 
   58.9 0.000 
   35.6 0.000 
   22.2 0.000 
   53.8 0.000 
   39.8 0.000 
   46.4 0.000 
   37.6 0.000 
   18.5 0.000 
   47.9 0.000 
   60.5 0.000 
   28.6 0.000 
   30.7 0.000 
   29.6 0.000 
   15.3 0.003 
   17.8 0.000 
   24.3 0.000 
   18.4 0.000 
   21.8 0.000 
   29.6 0.000 
   33.1 0.000 
   21.2 0.000 
   26.3 0.000 
   50.0 0.000 
   40.9 0.000 
   32.2 0.000 
   12.4 0.007 
   42.9 0.000 
   13.1 0.062 
   18.1 0.000 
   22.3 0.000 
   21.9 0.000 
   13.2 0.005 
   35.8 0.000 
   23.7 0.000 
   22.7 0.000 
   17.2 0.002 
   16.6 0.096 
   23.6 0.000 
   17.4 0.000 
   55.3 0.000 
   36.6 0.000 
   85.7 0.000 
   28.8 0.000 
   25.8 0.000 
   26.5 0.000 
   42.0 0.000 
   41.2 0.000 
   13.4 0.059 
   18.9 0.000 
   37.3 0.000 
   26.1 0.000 
   20.7 0.015 
   29.6 0.000 
   21.5 0.000 
   23.4 0.000 
   25.3 0.000 
   47.6 0.000 
   27.2 0.000 
   53.5 0.000 
   36.0 0.000 
   47.7 0.000 
   25.0 0.000 
   27.6 0.000 
   29.8 0.000 
   46.7 0.000 
   33.9 0.000 
   31.3 0.000 
   25.9 0.000 
   52.4 0.000 
   46.8 0.000 
   
