    7.8 0.930 
    7.1 0.505 
   14.2 0.032 
   25.2 1.000 
   16.9 0.999 
   16.5 0.890 
    5.5 0.978 
   11.3 0.901 
    6.1 0.988 
    7.4 0.724 
    3.7 0.720 
    4.5 0.956 
   17.8 0.932 
    5.5 0.989 
   11.4 0.940 
    7.5 0.995 
    5.2 0.935 
   13.4 0.880 
    2.3 0.846 
    8.4 0.995 
   12.6 0.944 
   10.6 0.894 
    5.0 0.687 
    7.9 0.431 
   20.4 0.055 
    4.3 0.905 
    5.0 0.856 
    6.5 0.995 
    8.3 0.895 
   27.8 0.989 
    4.5 0.951 
    5.1 0.910 
    7.1 0.750 
   16.9 0.996 
   10.6 0.332 
    7.2 0.992 
   17.9 0.755 
    9.6 0.888 
    8.1 0.985 
    6.6 0.999 
    7.9 0.984 
    6.4 0.835 
    5.1 0.991 
    2.9 0.829 
   10.6 0.645 
    7.5 0.998 
   17.2 0.348 
    6.8 0.978 
    4.3 0.975 
    5.3 0.993 
    5.8 0.996 
    4.0 0.915 
    5.3 0.960 
    7.2 0.815 
   15.1 0.939 
    9.0 0.653 
    4.6 0.976 
    4.1 0.987 
    7.2 0.995 
    4.5 0.842 
   10.7 0.351 
   13.0 0.926 
   12.4 0.450 
    8.6 0.994 
   10.0 0.938 
    5.4 0.806 
   10.2 0.972 
   14.6 0.986 
    4.8 0.991 
    7.3 0.988 
    8.6 0.666 
    6.9 0.605 
    5.6 0.492 
    6.1 0.983 
   10.6 0.958 
    5.9 0.390 
    7.8 0.977 
    6.8 0.834 
    9.8 0.938 
    6.2 0.389 
    6.2 0.910 
    2.9 0.688 
    6.2 0.532 
   10.5 0.812 
    6.4 0.929 
    9.2 0.217 
   12.0 0.952 
   11.0 0.839 
   13.1 0.994 
    8.3 0.973 
    8.8 0.869 
    7.8 0.909 
    7.6 0.631 
    3.9 0.939 
    3.0 0.990 
    7.9 0.807 
    9.7 0.535 
    5.1 0.944 
    2.7 0.662 
    4.0 0.991 
    6.4 0.924 
    8.5 0.965 
   23.9 0.023 
    8.7 0.503 
    6.5 0.822 
    7.7 0.723 
   14.6 0.494 
    8.2 0.985 
    7.6 0.101 
    5.7 0.717 
   10.8 0.967 
   15.8 0.998 
    2.7 0.977 
    8.9 0.879 
    5.9 0.994 
    4.2 0.854 
   10.5 0.402 
    8.6 0.821 
    2.5 0.939 
   11.0 0.979 
    6.7 0.455 
    3.4 0.620 
    9.0 0.596 
    4.6 0.982 
   18.7 0.998 
   14.5 0.983 
   11.0 0.996 
    6.0 0.948 
   12.4 0.775 
    3.9 0.884 
    8.3 0.969 
   10.9 0.987 
   11.6 0.851 
    6.0 0.516 
   18.4 0.703 
    5.1 0.975 
   13.5 0.588 
   14.1 0.974 
    8.7 0.424 
   13.0 0.792 
   13.4 0.262 
    7.3 0.782 
   10.0 0.990 
   14.1 0.652 
   10.5 0.838 
    3.6 0.772 
    6.1 0.468 
    4.0 0.942 
    9.3 0.607 
    4.7 0.997 
    5.9 0.877 
    6.7 0.756 
    8.9 0.986 
    9.6 0.982 
    8.7 0.980 
    
