   4.2 0.590 
  10.0 0.027 
   9.9 0.014 
  12.2 0.008 
   3.5 0.174 
  13.6 0.004 
   9.1 0.060 
  14.4 0.003 
  14.0 0.007 
   6.6 0.042 
   9.4 0.044 
   6.7 0.062 
   7.9 0.033 
   5.3 0.111 
  12.8 0.006 
   9.9 0.019 
   4.6 0.107 
   5.0 0.114 
   3.9 0.399 
   2.4 0.485 
  15.5 0.004 
   2.2 0.468 
   5.5 0.081 
   8.0 0.042 
  11.3 0.008 
   6.5 0.092 
   6.6 0.061 
   3.6 0.160 
   7.4 0.084 
  10.9 0.011 
   7.5 0.196 
  14.0 0.015 
  14.3 0.004 
  14.3 0.004 
   3.8 0.586 
   8.1 0.026 
  13.2 0.005 
  11.3 0.010 
  11.7 0.010 
   8.7 0.031 
  15.2 0.003 
  10.3 0.021 
   7.9 0.023 
   5.3 0.115 
   8.6 0.021 
  12.1 0.011 
   1.7 0.838 
   8.5 0.019 
  12.2 0.011 
  24.4 0.010 
   3.2 0.538 
   7.1 0.033 
   9.1 0.029 
  55.7 0.031 
   7.3 0.037 
   7.1 0.036 
   8.4 0.019 
   4.2 0.226 
   9.0 0.043 
  11.7 0.051 
   4.1 0.279 
   4.5 0.481 
   2.8 0.312 
  12.4 0.007 
   7.2 0.047 
   8.4 0.055 
   6.3 0.090 
   6.7 0.069 
   1.6 0.786 
   5.6 0.087 
  11.5 0.020 
  13.6 0.009 
  12.5 0.010 
  18.0 0.010 
   6.5 0.238 
   6.2 0.087 
   1.4 0.756 
  11.2 0.008 
  15.0 0.008 
   6.5 0.086 
   4.8 0.092 
   5.8 0.061 
  12.5 0.006 
   2.2 0.785 
  15.0 0.006 
  11.7 0.007 
  10.0 0.012 
   8.6 0.018 
   4.0 0.240 
   5.0 0.086 
  22.3 0.001 
  14.7 0.012 
  11.1 0.006 
   7.0 0.096 
  22.2 0.001 
   6.9 0.047 
  11.9 0.143 
   2.0 0.505 
   3.6 0.329 
  12.8 0.016 
   4.3 0.304 
   5.4 0.086 
   5.4 0.088 
  10.8 0.027 
   5.2 0.213 
  13.7 0.010 
  12.1 0.009 
   3.8 0.201 
  10.9 0.020 
   3.6 0.202 
   6.0 0.099 
   3.8 0.719 
   0.7 0.859 
   7.7 0.026 
   4.1 0.187 
   5.3 0.099 
   6.8 0.246 
  11.5 0.020 
   2.5 0.329 
   6.0 0.069 
   7.1 0.050 
  37.7 0.000 
   0.2 0.901 
   3.4 0.890 
   3.9 0.147 
  11.5 0.007 
   7.9 0.064 
   3.6 0.280 
  14.2 0.011 
   2.3 0.383 
   2.8 0.519 
   5.0 0.154 
   7.5 0.051 
   1.0 0.762 
   7.5 0.315 
   6.3 0.050 
   3.5 0.498 
   5.1 0.169 
   7.7 0.052 
   6.3 0.113 
   4.8 0.093 
   2.1 0.348 
   5.5 0.061 
   2.2 0.744 
   0.7 0.758 
   3.9 0.157 
  16.3 0.022 
   9.4 0.032 
   7.6 0.052 
   7.5 0.077 
  27.1 0.069 
   6.0 0.162 
   6.0 0.106 
   4.2 0.136 
  12.4 0.010 
  10.5 0.009 
  59.9 0.000 
  
