   6.9 0.191  
  11.0 0.917  
  22.0 0.030  
   7.0 0.996  
  10.0 0.999  
   7.2 0.999  
   8.2 0.913  
   8.9 0.999  
   3.8 0.947  
   6.7 0.977  
  11.0 0.996  
   5.2 0.998  
  19.7 0.983  
   4.3 0.972  
   4.4 0.996  
  10.5 0.996  
  11.0 0.998  
   7.7 0.989  
   3.8 0.983  
   5.3 0.988  
   6.8 0.998  
  13.0 0.999  
   9.7 0.981  
  11.0 0.432  
  10.6 0.896  
   6.8 0.893  
   6.6 0.999  
   7.8 0.992  
  10.6 0.883  
  30.4 0.997  
   7.0 0.737  
   6.1 0.989  
   6.4 0.918  
  11.3 1.000  
   9.7 0.846  
  12.7 0.999  
  13.8 0.996  
  12.9 0.897  
   5.8 0.949  
   3.5 0.993  
   3.9 0.995  
  10.3 0.983  
  12.6 0.999  
   4.8 0.983  
   5.2 0.996  
   5.0 0.996  
   4.5 0.933  
   6.6 0.884  
   8.1 0.931  
   8.9 0.992  
   7.2 0.873  
   6.5 0.999  
   8.5 0.982  
   8.1 0.988  
   1.6 0.986  
  14.0 0.182  
   4.2 0.982  
  18.7 0.651  
   5.7 0.992  
   2.5 0.967  
  10.0 0.820  
   7.5 0.998  
  20.1 0.967  
   9.5 0.981  
  13.0 0.996  
  23.9 0.758  
   7.8 0.985  
  11.0 0.957  
   7.1 0.997  
   9.0 0.993  
  10.5 0.746  
   7.1 0.975  
   7.7 0.948  
   6.4 0.980  
  11.7 0.510  
  13.1 0.996  
  11.0 0.997  
   6.1 0.831  
   9.1 0.995  
   8.7 0.896  
   7.4 0.887  
  13.3 0.855  
  11.9 0.995  
  19.6 0.535  
   7.3 0.521  
   5.7 0.715  
   9.8 0.995  
   9.1 0.882  
   9.9 0.494  
   7.0 0.907  
  10.6 0.019  
   8.8 0.712  
   4.8 0.993  
   7.4 0.995  
   6.2 0.986  
   5.9 0.998  
  12.2 0.987  
   2.6 0.997  
   4.4 0.995  
   9.3 0.817  
   8.0 0.949  
   4.1 0.982  
   8.5 0.262  
  17.8 0.968  
  10.4 0.932  
  16.5 0.046  
   4.6 0.838  
   9.3 0.958  
   7.5 0.074  
  15.1 0.843  
   5.9 0.970  
  15.3 0.997  
   8.6 0.998  
   7.5 0.962  
   5.6 0.987  
  10.3 0.974  
   6.9 0.880  
   4.3 0.979  
  12.3 0.997  
   7.1 0.800  
  10.2 0.510  
   4.7 0.928  
   6.2 0.960  
   7.6 0.920  
   9.7 0.996  
   6.8 0.542  
   6.4 0.998  
   8.6 0.968  
   9.4 0.933  
   6.4 0.995  
   5.5 0.998  
   5.0 0.985  
  14.1 0.998  
  11.7 0.381  
  28.5 0.041  
   6.0 0.990  
  12.3 0.986  
   5.1 0.997  
  14.3 0.998  
  11.2 0.998  
   5.1 0.991  
   8.4 0.946  
   6.2 0.965  
   8.3 0.471  
   5.3 0.887  
   8.4 0.985  
   5.5 0.878  
  14.7 1.000  
   6.9 0.578  
   4.2 0.994  
   8.3 0.933  
  16.8 0.803  
   8.5 0.999  
   5.6 0.700  
   6.0 0.977  
   
