   6.1 0.803  
   6.0 0.600  
   9.6 0.928  
   3.0 0.910  
   9.8 1.000  
  19.0 0.917  
  14.8 1.000  
   9.3 0.702  
  18.2 0.994  
  11.4 0.999  
  13.1 0.999  
  11.9 0.953  
  14.5 1.000  
  16.7 0.531  
  10.3 1.000  
   2.4 0.903  
   7.6 0.998  
  11.9 0.999  
   6.3 0.416  
   4.1 0.940  
   5.9 0.969  
   9.1 0.910  
   9.0 0.925  
   6.9 0.897  
  13.5 0.972  
  28.4 0.999  
  14.4 0.998  
  14.2 0.010  
   7.8 0.942  
  11.0 0.857  
  25.3 0.881  
   5.3 0.639  
  10.6 0.941  
   7.1 0.840  
   1.9 0.927  
  20.1 1.000  
   7.7 0.999  
   7.4 0.999  
   3.0 0.997  
   7.4 0.977  
   7.0 0.854  
   9.3 0.920  
   4.8 0.782  
   5.2 0.995  
  12.5 0.576  
  15.8 0.997  
  16.8 1.000  
   7.5 0.980  
  22.0 0.511  
  11.9 0.981  
  13.9 0.075  
   6.7 0.995  
   3.1 0.965  
   7.7 0.927  
   6.5 0.997  
   4.7 0.994  
   7.0 0.979  
  10.3 0.952  
  20.1 0.999  
  20.8 1.000  
   8.7 0.223  
  12.7 0.998  
   6.8 0.998  
  34.0 1.000  
   8.2 0.977  
   7.0 0.745  
  11.3 0.746  
  12.2 0.993  
  13.2 0.925  
  12.9 0.998  
  22.5 0.897  
  15.2 0.105  
   9.0 0.791  
  13.8 0.991  
  12.2 1.000  
  31.9 0.997  
   8.0 0.979  
   7.3 0.999  
  11.7 0.945  
   8.5 0.991  
  10.3 0.964  
   3.4 0.917  
   6.4 0.984  
  11.1 0.464  
   3.9 0.996  
   3.1 0.992  
   8.6 0.717  
  21.4 0.997  
  17.3 0.937  
  10.3 0.930  
   6.9 0.998  
  21.5 0.999  
   5.7 0.700  
  14.6 0.911  
  12.4 0.966  
   7.9 0.999  
  21.3 0.997  
  12.8 0.981  
   8.5 0.999  
   7.4 0.941  
   9.1 0.893  
  19.4 0.987  
  12.6 1.000  
   9.7 1.000  
   5.6 0.955  
   9.0 0.958  
   7.0 0.999  
  13.0 1.000  
  17.1 1.000  
   6.4 0.988  
  15.8 0.992  
   7.8 0.994  
  10.0 0.979  
   9.1 0.483  
   9.9 0.999  
  10.9 0.920  
   9.4 0.995  
  15.0 0.996  
  11.1 0.315  
  16.4 0.972  
   9.7 0.985  
  18.5 0.991  
  11.8 0.802  
  17.1 1.000  
   1.8 0.996  
  44.8 0.999  
   9.1 0.855  
   5.8 0.928  
  14.4 0.988  
  23.4 0.037  
   3.6 0.794  
   9.2 0.973  
  14.2 0.998  
   6.5 0.984  
  13.5 1.000  
  12.6 0.992  
   6.2 0.973  
   5.8 0.627  
   4.8 0.875  
   2.7 0.945  
  12.0 0.891  
   8.3 0.474  
  13.6 0.986  
   8.1 0.830  
   5.8 0.979  
  17.0 0.100  
  30.0 1.000  
  16.2 0.970  
   6.2 0.874  
   5.6 0.968  
   4.5 0.974  
  10.5 0.350  
   3.8 0.965  
   7.7 0.083  
   9.4 0.999  
  13.6 0.995  
  10.0 1.000  
  11.3 0.999  
  22.6 0.599  
   8.0 0.978  
  11.7 0.786  
  29.9 0.997  
  21.0 0.988  
   8.8 0.876  
  30.2 0.005  
  13.1 0.991  
   6.5 0.986  
  59.5 0.000  
  13.2 0.917  
   5.7 0.712  
  11.3 0.994  
  15.0 0.996  
   6.9 0.982  
   8.0 0.931  
  15.0 0.930  
   9.6 1.000  
   7.0 0.924  
  14.8 0.983  
  26.5 0.999  
   8.0 0.995  
  14.2 0.478  
  18.2 0.564  
   6.4 0.882  
  10.7 0.975  
   7.0 0.403  
  28.0 0.900  
  19.0 1.000  
  23.4 0.090  
  14.8 0.996  
   9.0 0.996  
   9.4 0.973  
   9.3 0.106  
  11.9 0.745  
   7.7 0.304  
   8.4 0.956  
  13.7 0.442  
   4.5 0.814  
  10.6 0.955  
   3.4 0.983  
  14.8 1.000  
   7.9 0.983  
  10.3 0.998  
   3.9 0.956  
  10.1 0.992  
   4.1 0.644  
  12.7 0.990  
   8.2 0.689  
   9.1 0.994  
  12.8 0.977  
  12.6 0.094  
   5.9 0.591  
   7.3 0.986  
   9.3 0.722  
   6.2 0.993  
  10.9 0.419  
   3.0 0.943  
  21.1 0.597  
   7.1 0.933  
   7.7 0.874  
   8.9 0.961  
  11.7 0.981  
  12.2 0.107  
   4.6 0.936  
   3.2 0.935  
   8.7 0.894  
   9.9 0.971  
   3.4 0.988  
   4.0 0.939  
   7.3 0.831  
   5.7 0.965  
   8.1 0.952  
   5.5 0.961  
   7.3 0.999  
   6.0 0.875  
   3.3 0.992  
   5.6 0.834  
  13.2 0.178  
   5.8 0.996  
   7.7 0.981  
   8.0 0.883  
  11.2 0.924  
   7.6 0.981  
   9.8 0.916  
   9.8 0.997  
   9.2 0.898  
   4.9 0.995  
   5.6 0.985  
  11.1 0.999  
  12.7 0.687  
  11.3 0.987  
  15.3 0.075  
   4.7 0.827  
   8.7 0.973  
  23.2 0.434  
  12.4 0.997  
  15.9 0.997  
   8.4 0.972  
   6.4 0.927  
   7.1 0.992  
  13.6 0.996  
  10.4 0.980  
  
