   0.9 0.649 
   3.7 0.460 
   5.8 0.261 
   1.0 0.782 
   4.7 0.280 
   2.3 0.982 
   5.9 0.968 
   2.6 0.951 
   2.1 0.892 
   3.4 0.790 
   1.9 0.966 
   9.4 0.927 
   2.6 0.612 
   3.9 0.668 
   4.0 0.955 
   1.1 0.564 
   4.1 0.706 
   5.5 0.184 
   0.8 0.814 
   2.6 0.858 
   0.5 0.735 
   0.7 0.549 
   4.8 0.372 
   0.7 0.776 
   8.8 0.976 
  38.7 1.000 
   4.2 0.833 
   4.4 0.884 
   4.3 0.707 
   6.0 0.834 
   4.9 0.253 
   3.8 0.932 
  19.2 0.440 
   6.1 0.950 
   2.1 0.938 
   1.4 0.966 
   1.4 0.591 
   5.9 0.252 
   2.4 0.896 
   8.6 0.974 
   1.3 0.766 
   3.6 0.692 
   5.9 0.137 
   0.9 0.947 
   4.2 0.198 
   2.1 0.873 
   3.6 0.421 
   8.9 0.877 
   2.2 0.506 
   2.6 0.455 
   0.5 0.884 
   4.6 0.194 
   2.4 0.947 
   5.5 0.551 
   2.3 0.704 
   7.4 0.997 
   3.7 0.478 
   1.0 0.965 
   6.1 0.729 
   3.9 0.555 
   7.1 0.891 
   6.3 0.964 
   4.3 0.604 
   4.6 0.548 
   1.2 0.919 
   4.5 0.768 
   8.4 0.997 
   2.7 0.971 
   0.7 0.866 
   0.1 0.786 
   5.1 0.330 
   4.5 0.995 
   8.5 0.733 
   2.0 0.707 
   2.3 0.539 
   4.0 0.860 
  16.2 0.122 
   6.1 0.974 
   2.0 0.970 
   5.8 0.913 
   4.0 0.908 
   7.0 0.658 
   3.7 0.888 
  13.0 0.965 
   4.9 0.680 
   4.2 0.824 
   1.2 0.872 
   7.7 0.696 
  19.5 0.996 
   9.4 0.995 
   7.9 0.726 
   1.5 0.955 
   4.6 0.961 
   1.9 0.715 
  13.4 0.989 
   1.6 0.943 
   9.1 0.477 
   1.3 0.961 
   5.3 0.416 
   
