   8.3 0.954  
  11.3 0.407  
  22.9 0.025  
   5.2 0.992  
   5.7 0.997  
   8.6 0.996  
   6.0 0.934  
  17.6 0.683  
   8.5 0.999  
   6.5 0.830  
   6.5 0.666  
  12.9 0.960  
  19.5 0.983  
   5.5 0.828  
   4.5 0.988  
   7.3 1.000  
  14.7 0.927  
   8.1 0.481  
   5.6 0.998  
   4.3 0.995  
   4.5 0.639  
  10.2 0.999  
   3.8 0.921  
   4.3 0.943  
   6.3 0.551  
   2.6 0.995  
   6.8 1.000  
   2.6 0.999  
   5.3 0.992  
  14.1 0.936  
  10.6 0.297  
   4.2 0.997  
   5.5 0.713  
   3.0 0.894  
   9.3 0.443  
   6.3 0.984  
  11.9 0.983  
   8.4 0.644  
   8.2 0.982  
   3.4 1.000  
   4.2 1.000  
   3.5 0.993  
   2.7 0.998  
   9.8 1.000  
   5.4 0.984  
   1.0 0.997  
   2.7 0.924  
   2.6 0.994  
   4.0 0.998  
   8.2 0.978  
   5.8 0.979  
   2.5 0.997  
   4.5 0.999  
   9.4 0.999  
   5.1 0.995  
   2.2 0.989  
   3.0 0.985  
   7.3 1.000  
   7.2 0.991  
   4.6 0.999  
  11.2 0.864  
   5.2 0.999  
   2.1 0.989  
   9.8 1.000  
   7.5 0.917  
  16.2 0.972  
   3.0 0.990  
   7.8 0.994  
   2.7 0.999  
   3.7 0.995  
  17.4 0.567  
   4.4 0.981  
   2.8 0.982  
   4.8 0.907  
  10.4 0.995  
  12.8 0.997  
   6.1 0.940  
   3.6 0.984  
   6.3 0.986  
  12.7 0.279  
   7.1 0.970  
   9.0 0.957  
  12.7 0.720  
   9.0 0.676  
   4.8 0.997  
  15.7 0.960  
   8.5 0.993  
   6.1 0.471  
  12.0 0.985  
  15.2 0.911  
  11.8 0.009  
   4.4 0.983  
  11.4 0.996  
   6.4 0.882  
   4.3 1.000  
   4.9 0.999  
   7.7 0.970  
   2.7 0.960  
   2.9 0.995  
  13.3 0.983  
   7.5 0.929  
   5.7 0.999  
   6.4 0.513  
   8.0 0.981  
  12.8 0.997  
   7.6 0.620  
   7.4 0.866  
   3.7 0.934  
  14.6 0.052  
  14.0 0.495  
   4.3 0.993  
   5.7 0.994  
   8.3 0.904  
   4.0 0.999  
   5.9 0.999  
   2.4 0.964  
   6.0 0.977  
   8.3 1.000  
   5.3 0.804  
   6.3 0.999  
   7.4 0.619  
   6.8 0.885  
   6.1 0.991  
   2.2 0.976  
   9.3 1.000  
   7.7 0.137  
   2.0 0.997  
   5.8 0.934  
   5.6 0.980  
   5.3 1.000  
   4.1 0.997  
   2.6 0.997  
   5.8 0.991  
   7.9 0.932  
  18.6 0.779  
   3.9 0.973  
   9.5 0.992  
   3.7 0.875  
   7.0 0.998  
   6.4 1.000  
   6.9 0.996  
   6.2 0.997  
   2.9 0.989  
   6.1 0.579  
   6.3 0.947  
   4.3 0.890  
   6.5 0.762  
   3.8 0.929  
   2.7 0.994  
   4.0 0.991  
   3.8 0.998  
   4.2 0.893  
   7.3 1.000  
   3.5 0.995  
   4.4 0.995  
   
