   10.1 0.726 
    7.7 0.943 
   12.9 0.999 
    6.4 0.933 
    7.4 0.201 
   12.0 0.871 
   16.3 0.974 
    8.5 1.000 
   15.3 0.999 
    2.0 0.944 
   12.7 0.037 
    6.3 0.172 
    8.6 1.000 
    5.5 0.973 
   11.7 0.996 
   11.7 0.999 
   13.8 0.540 
    9.2 0.996 
   23.7 0.043 
   10.4 0.996 
   10.8 0.955 
    9.3 0.846 
    5.6 0.999 
    5.5 0.873 
    0.7 0.988 
    3.3 0.999 
   19.9 1.000 
    9.3 0.999 
    6.7 0.996 
   10.8 0.981 
    5.3 0.996 
    7.0 0.958 
   27.4 1.000 
   15.0 1.000 
    5.3 0.988 
    6.5 0.997 
    4.0 0.955 
    4.6 0.899 
    6.6 0.999 
    3.9 0.997 
    7.6 0.825 
   12.6 0.682 
    6.7 0.999 
    7.7 1.000 
    9.1 0.997 
   12.6 0.997 
    3.9 0.981 
    2.4 0.965 
   15.0 0.456 
    8.2 0.244 
   25.1 0.011 
   10.7 0.892 
    6.6 0.152 
   12.5 0.049 
   12.9 0.999 
   12.2 0.127 
    7.2 0.550 
   18.6 0.512 
    3.5 0.990 
    8.4 0.631 
    5.6 0.917 
   10.0 0.999 
    3.9 0.997 
   22.9 1.000 
    9.4 0.960 
    8.4 1.000 
   21.2 1.000 
    3.7 0.999 
    4.3 0.996 
   12.8 0.996 
    9.9 0.995 
    9.6 0.998 
    8.7 0.438 
   29.1 0.984 
    6.2 0.745 
   20.4 1.000 
    3.7 0.999 
   10.9 0.965 
    8.0 0.991 
   14.2 0.968 
   11.7 0.765 
    5.0 0.649 
    9.6 0.961 
    1.7 0.952 
   51.8 0.902 
   53.4 1.000 
    8.5 0.943 
   13.5 0.664 
    2.8 0.989 
    7.6 1.000 
   11.0 0.998 
   24.4 0.989 
