2015   5809710           16.8 0.043     10.6 0.957  
2016   5809712            6.2 0.124      2.3 0.876
2017   5809731            0.7 0.587      1.4 0.413
2018   5809740            2.2 0.900      6.6 0.100
2019   5809741            7.8 0.158      4.5 0.842
2020   5809751            5.2 0.162      1.9 0.838
2021   5809752            3.2 0.198      0.4 0.802
2022   5809753            3.9 0.183      0.9 0.817
2023   5809754            4.6 0.141      1.0 0.859
2024   5809761            3.3 0.180      0.2 0.820
2025   5809762            3.7 0.272      1.7 0.728
2026   5809763            7.9 0.078      3.0 0.922
2027   5809764           10.2 0.037      3.7 0.963
2028   5809765            6.9 0.082      2.1 0.918
2030   5809810            6.6 0.264      4.5 0.736
2031   5809812            6.6 0.129      2.8 0.871
2032   5809831            2.1 0.914      6.8 0.086
2033   5809840            0.9 0.744      3.0 0.256
2034   5809841            2.1 0.692      3.7 0.308
2036   5809852            2.9 0.823      6.0 0.177
2034   5809841            2.1 0.692      3.7 0.308
2037   5809853            9.3 0.089      4.7 0.911
2038   5809854            3.8 0.905      8.3 0.095
2039   5809861            3.7 0.893      7.9 0.107
2040   5809862            1.7 0.726      3.6 0.274
2041   5809863            1.9 0.689      3.5 0.311
2042   5809864            1.9 0.364      0.7 0.636
2043   5809865            3.5 0.187      0.6 0.813
2044   5809866            2.9 0.308      1.3 0.692
2046   5809910            9.8 0.103      5.5 0.897
2047   5809912            2.2 0.286      0.4 0.714
2048   5809931            3.5 0.803      6.3 0.197
2049   5809940            2.9 0.900      7.3 0.100
2050   5809941            2.9 0.933      8.2 0.067
2051   5809951            2.4 0.833      5.6 0.167
2052   5809952            2.2 0.654      3.5 0.346
2053   5809953            3.2 0.655      4.5 0.345
2054   5809961            1.9 0.912      6.6 0.088
2055   5809962            1.3 0.821      4.3 0.179
2056   5809963            1.1 0.727      3.1 0.273
2057   5809964            1.1 0.715      3.0 0.285
2058   5809965            1.2 0.695      2.9 0.305
2059   5809966            1.7 0.400      0.9 0.600
2060   5809967            3.6 0.271      1.6 0.729
2061   5809968            3.0 0.269      1.0 0.731









CLASSIFICATION FUNCTIONS   
         GROUP =                        
 VARIABLE 
 *** nor1331      -0.15016      0.19319
 *** Fz_CzA       -0.44784      1.12133
 313 nor313        0.41010      0.85886
 *** nor1351      -0.08274      0.12493

 CONSTANT         -0.96664     -1.96181





