2015   5809710           12.6 0.087      7.9 0.913
2016   5809712            8.5 0.164      5.3 0.836
2017   5809731            1.0 0.569      1.5 0.431
2018   5809740            4.1 0.915      8.8 0.085
2019   5809741            6.2 0.301      4.5 0.699
2020   5809751            3.9 0.199      1.1 0.801
2021   5809752            3.2 0.196      0.4 0.804
2022   5809753            2.9 0.215      0.3 0.785
2023   5809754            4.5 0.172      1.3 0.828
2024   5809761            3.4 0.178      0.3 0.822
2025   5809762            3.7 0.263      1.7 0.737
2026   5809763            6.2 0.113      2.1 0.887
2027   5809764            9.5 0.046      3.4 0.954
2028   5809765            7.1 0.112      3.0 0.888
2030   5809810            2.9 0.402      2.1 0.598
2031   5809812            4.2 0.169      1.0 0.831
2032   5809831            3.8 0.898      8.2 0.102
2033   5809840            0.9 0.777      3.4 0.223
2034   5809841            2.3 0.678      3.8 0.322
2035   5809851            1.5 0.746      3.6 0.254
2036   5809852            2.8 0.831      5.9 0.169
2037   5809853            6.0 0.126      2.1 0.874
2038   5809854            4.8 0.890      9.0 0.110
2039   5809861            3.1 0.906      7.6 0.094
2040   5809862            2.5 0.714      4.3 0.286
2041   5809863            1.7 0.705      3.4 0.295
2042   5809864            1.4 0.391      0.6 0.609
2043   5809865            3.4 0.198      0.6 0.802
2044   5809866            3.0 0.302      1.3 0.698
2046   5809910            3.8 0.177      0.8 0.823
2047   5809912            2.5 0.313      0.9 0.687
2048   5809931            3.3 0.812      6.2 0.188
2049   5809940            4.1 0.893      8.4 0.107
2050   5809941            2.9 0.926      8.0 0.074
2051   5809951            2.6 0.819      5.7 0.181
2052   5809952            2.4 0.696      4.0 0.304
2053   5809953            3.2 0.653      4.5 0.347
2054   5809961            1.9 0.912      6.6 0.088
2055   5809962            1.5 0.804      4.3 0.196
2056   5809963            1.3 0.770      3.7 0.230
2057   5809964            1.2 0.709      2.9 0.291
2058   5809965            1.3 0.691      2.9 0.309
2059   5809966            1.9 0.426      1.3 0.574
2060   5809967            4.9 0.235      2.5 0.765
2061   5809968            3.2 0.254      1.0 0.746










CLASSIFICATION FUNCTIONS   

         GROUP =                        
 VARIABLE 
 *** nor1331      -0.15292      0.22325
 *** Fz_CzA       -0.55643      1.20885
 313 nor313        0.41988      0.83414
 *** mfFz_PzT     -0.00593      0.14738

 CONSTANT         -0.96204     -1.96909











