%The order of these tables are group, gas, TIVA, N/N
%Can be used as input to lesgrph.m
%m = mean disc probabilities, blank = mean classification accuracy


x180 = [86 88 55 22 28 25 24 27 15 17 14 37 45 56 64 66 76 80 74 69;...
	81 83 56 11 17 15 11 18 6 0 0 31 45 51 56 52 77 83  75 33;...
	92 83 49 34 30 18 20 24  0 14 20 34 38 59 67 78 83 73 85 63;...
	86 100 59 22 41 41 46 46 57 60 33 47 54 61 75 73 50 100 59 100];



x188 = [91 94 45 25 27 23 30 25 18 13 14 40 43 56 63 68 69 80 72 69;...
       88 100 46 16 10 15 18 18 13 0 0 38 45 57 59 71 69 83 72 0;...
       92 94 43 34 27 15 33 29 0 14 20 32 38 62 63 67 75 73 79 75 ;...
       94 89 44 26 47 38 41 31 57 40 33 53 46 44 69 64 50 100 62 100];

x198 = [90 95 54 22 28 23 27 26 23 20 14 32 47 52 64 66 74 81 72 69;...
        92 94 49 7 17 14 21 17 20 11 0 25 48 56 60 60 70 83 32 0;...
        92 94 43 34 30 15 33 33 9 14 20 37 41 66 67 78 83 82 15 75;...
        92 100 44 30 47 44 41 23 57 40 33 44 54 40 75 64 75 100 35 80];



x198m = [78 82 49 34 35 31 36 34 33 32 26 41 50 57 61 64 66 70 62 67;...
        77 82 50 27 27 26 28 30 30 27 12 36 50 57 58 61 62 63 39 65;...
        78 80 48 43 40 28 38 40 32 31 24 46 47 61 63 69 73 73 65 72;...
	79 84 47 35 46 43 47 36 47 49 54 47 53 48 71 63 63 86 71 64];

x188m = 76 77 48 30 34 32 36 35 32 32 27 41 48 55 60 61 63 68 61 65;...
        74 75 49 25 28 28 32 34 31 29 18 38 49 57 57 60 61 67 37 63;... 
        77 78 46 37 34 26 35 35 24 25 22 41 43 55 61 63 68 66 60 69;...
	77 79 48 31 48 44 47 36 53 51 53 48 52 50 68 62 58 82 77 64];

x180m = [76 81 57 28 34 31 32 32 31 33 28 39 46 54 59 61 60 65 62 67;...
        74 80 59 24 29 28 29 30 30 30 17 34 46 52 54 57 57 60 43 64;...
        78 81 54 36 34 26 30 32 20 24 22 40 42 56 61 67 67 67 57 74;...
        77 83 56 28 42 41 43 36 50 55 60 47 49 54 69 63 58 80 82 64];

-
