   13.6 0.166  
    9.0 0.922  
   10.6 0.981  
   36.1 0.991  
    4.7 0.965  
   18.3 0.232  
   39.9 0.999  
    8.5 0.726  
   17.2 0.978  
   27.2 0.996  
    9.6 0.748  
    3.2 0.960  
   19.5 0.803  
   14.5 0.951  
   22.8 0.938  
   21.6 0.972  
   45.5 0.997  
   14.7 0.890  
   24.3 0.993  
   15.7 0.188  
   29.5 0.985  
   81.2 1.000  
   20.4 0.978  
   18.1 0.956  
   14.8 0.800  
   34.0 0.990  
   17.7 0.953  
    8.9 0.753  
   31.4 0.999  
   19.6 0.675  
   16.3 0.923  
   18.9 0.994  
   29.6 0.994  
   10.0 0.816  
   39.1 0.992  
   25.5 0.857  
    3.9 0.824  
   41.9 0.993  
   25.6 0.957  
   27.5 0.969  
   27.5 0.960  
   22.0 0.980  
   41.2 0.999  
   20.6 0.913  
   31.3 0.978  
   52.0 0.997  
   19.5 0.994  
   21.4 0.989  
   15.2 0.986  
   33.5 0.996  
   18.8 0.934  
   25.8 0.997  
   10.9 0.989  
   12.4 0.959  
   18.3 0.929  
   17.2 0.820  
   17.0 0.802  
   21.8 0.772  
   19.1 0.969  
   33.3 0.865  
   19.4 0.959  
   30.7 0.995  
   29.5 0.971  
   20.9 0.993  
    8.2 0.917  
   20.1 0.986  
   32.5 0.991  
   38.5 0.988  
   12.1 0.832  
   15.1 0.978  
   27.4 0.812  
   15.0 0.991  
   81.9 1.000  
   24.7 0.993  
    4.3 0.874  
   22.7 0.993  
   26.9 0.992  
   27.3 0.994  
   10.1 0.714  
   23.2 0.998  
   21.5 0.997  
   24.6 0.802  
   10.0 0.981  
   26.4 0.999  
   13.6 0.997  
   15.9 0.988  
   42.4 0.996  
   27.7 0.690  
   19.3 0.994  
   10.7 0.894  
   33.0 0.138  
   19.2 0.993  
   16.2 0.940  
   14.7 0.945  
   27.6 0.948  
   58.1 0.999  
   25.1 0.999  
   87.7 1.000  
   28.8 0.999  
   25.6 0.991  
   48.5 0.999  
   18.1 0.977  
   49.6 1.000  
   18.7 0.961  
   12.0 0.931  
   30.7 0.980  
   42.6 0.999  
   11.7 0.670  
   31.4 0.992  
   30.5 0.980  
   42.6 0.985  
   33.2 0.998  
   12.4 0.969  
   37.8 0.992  
   13.2 0.993  
   14.1 0.954  
   37.6 0.998  
   16.9 0.918  
    5.9 0.433  
   26.3 0.986  
   28.2 0.977  
   56.6 0.477  
   14.9 0.988  
   13.7 0.814  
   27.4 0.985  
   20.5 0.638  
   45.2 1.000  
   13.8 0.971  
   19.0 0.987  
   11.4 0.975  
   12.7 0.929  
   46.9 0.999  
   46.8 1.000  
   41.6 1.000  
    7.4 0.966  
   54.0 0.993  
   54.2 0.998  
   21.5 0.999  
   12.9 0.959  
   11.4 0.952  
   27.9 0.999  
   32.0 0.996  
    8.9 0.898  
   46.3 1.000  
   16.0 0.996  
   39.6 0.996  
   26.5 0.942  
   13.1 0.932  
   15.9 0.934  
   22.4 0.983  
   11.8 0.709  
   37.3 0.994  
   12.3 0.993  
   24.1 0.996  
   34.5 0.997  
   28.8 0.971  
   20.0 0.320  
   
