     4.9 0.159  
    19.0 0.066  
    19.1 0.027  
    14.7 0.025  
    18.3 0.175  
    40.1 0.020  
    16.3 0.255  
    13.5 0.331  
    18.9 0.063  
     7.4 0.095  
    44.4 0.056  
    20.3 0.131  
    32.4 0.010  
    31.7 0.017  
     9.1 0.292  
    61.5 0.001  
    46.8 0.001  
    14.1 0.030  
    35.4 0.051  
    53.8 0.009  
    25.1 0.107  
    15.4 0.172  
    17.3 0.135  
    12.0 0.259  
    29.4 0.045  
    19.6 0.148  
    52.1 0.006  
    45.5 0.028  
    17.9 0.249  
    26.1 0.098  
    43.4 0.002  
    35.1 0.011  
    16.3 0.266  
    15.4 0.186  
    34.9 0.001  
    30.2 0.042  
    12.4 0.126  
    40.5 0.029  
    34.1 0.034  
    16.1 0.090  
    41.9 0.012  
    49.6 0.005  
    69.8 0.001  
    17.3 0.216  
    63.8 0.000  
    53.5 0.002  
    31.5 0.015  
    54.3 0.001  
    49.9 0.003  
    32.2 0.030  
    41.4 0.019  
    14.8 0.188  
    27.2 0.671  
     9.5 0.229  
    34.3 0.005  
    38.1 0.005  
    18.2 0.534  
    56.2 0.010  
    25.3 0.048  
    47.2 0.019  
    22.6 0.047  
    12.0 0.200  
    15.8 0.098  
    35.3 0.005  
    34.2 0.009  
    38.9 0.022  
    16.0 0.185  
    66.5 0.001  
    31.3 0.161  
    27.1 0.008  
    24.0 0.068  
    23.4 0.019  
    15.8 0.307  
    29.6 0.012  
    15.6 0.053  
    17.4 0.088  
    66.5 0.000  
    26.1 0.105  
    21.5 0.167  
    39.8 0.002  
    29.4 0.010  
    28.1 0.001  
     3.3 0.376  
    13.5 0.071  
    46.7 0.004  
    11.3 0.057  
    34.0 0.003  
    34.5 0.008  
    63.1 0.001  
    25.0 0.010  
    25.3 0.003  
    41.1 0.006  
    27.9 0.012  
    58.3 0.001  
    31.3 0.039  
    15.1 0.160  
    20.7 0.013  
    43.6 0.003  
    54.7 0.001  
    15.2 0.064  
    39.7 0.043  
    13.0 0.053  
    23.2 0.020  
    13.4 0.056  
    18.0 0.020  
    13.2 0.069  
    25.2 0.009  
    13.3 0.109  
    26.1 0.023  
    66.3 0.000  
    29.7 0.011  
    33.9 0.002  
    42.2 0.003  
    19.5 0.019  
    28.2 0.015  
     4.8 0.859  
    26.4 0.008  
    23.8 0.006  
    15.4 0.039  
    61.3 0.005  
    14.8 0.192  
    50.2 0.001  
    47.2 0.000  
    21.6 0.123  
    35.3 0.006  
    13.5 0.192  
    39.1 0.079  
    46.4 0.002  
    38.3 0.003  
    21.8 0.006  
    28.8 0.098  
    22.0 0.024  
    27.0 0.002  
    10.8 0.272  
    14.1 0.050  
    24.2 0.085  
    13.8 0.072  
    32.9 0.005  
     6.4 0.230  
    79.6 0.000  
    38.7 0.029  
    20.0 0.165  
    48.3 0.008  
    29.9 0.012  
    44.4 0.002  
     7.4 0.373  
    27.4 0.103  
    13.8 0.051  
     2.6 0.956  
    34.2 0.015  
    34.8 0.017  
     6.7 0.813  
     6.0 0.290  
    44.4 0.001  
    69.7 0.000  
    39.0 0.005  
    23.8 0.042  
    42.7 0.024  
    
