    7.2 0.992  
    4.1 0.856  
   10.7 0.994  
    4.1 0.992  
    7.6 0.997  
   40.0 0.029  
    7.7 0.687  
   10.0 0.478  
    6.7 0.988  
    4.4 0.987  
    5.5 0.857  
    9.4 0.924  
   53.5 0.998  
   32.8 0.518  
    4.0 0.984  
    4.4 0.949  
   50.6 0.991  
    6.7 0.479  
   11.6 0.953  
    6.9 0.859  
    4.1 0.938  
   10.5 0.786  
    3.3 0.990  
    8.0 0.692  
    9.1 0.736  
   27.7 0.997  
   46.3 0.787  
   13.3 0.022  
    5.3 0.962  
   50.9 0.999  
   15.5 0.371  
    7.0 0.540  
    3.8 0.913  
    7.9 0.978  
   21.5 0.513  
   20.0 0.646  
    4.0 0.912  
   14.9 0.935  
    5.1 0.945  
    4.7 0.948  
    9.7 0.872  
   12.3 0.997  
    9.3 0.801  
    2.5 0.940  
    4.3 0.544  
    5.3 0.927  
    9.1 0.945  
    5.5 0.840  
    5.1 0.816  
   11.7 0.651  
   26.1 0.015  
    6.6 0.985  
    9.8 0.887  
    3.4 0.324  
    4.8 0.990  
    1.8 0.983  
   11.1 0.943  
   36.9 0.999  
    4.4 0.954  
   17.7 0.866  
   10.5 0.817  
    4.1 0.899  
    3.8 0.829  
   15.5 0.996  
    6.9 0.914  
   21.3 0.989  
    8.4 0.324  
   10.6 0.561  
    3.0 0.673  
    3.4 0.826  
   37.8 0.968  
    9.2 0.192  
    3.8 0.968  
   17.2 0.924  
    6.5 0.928  
   22.4 0.802  
   13.5 0.889  
   16.4 0.990  
   17.7 0.989  
   17.5 0.994  
    4.6 0.684  
    5.2 0.324  
   11.2 0.349  
    3.7 0.979  
    5.9 0.901  
   11.4 0.994  
    9.9 0.926  
    4.9 0.982  
    8.1 0.199  
    9.2 0.971  
    8.7 0.982  
    8.3 0.993  
    4.7 0.952  
   40.4 0.988  
    6.4 0.881  
   12.7 0.993  
   10.8 0.969  
   14.1 0.954  
    5.5 0.979  
    5.1 0.900  
    7.8 0.570  
   18.6 0.996  
   23.6 0.965  
    5.4 0.963  
    3.3 0.834  
    5.1 0.796  
   15.3 0.985  
   10.8 0.904  
    7.2 0.918  
    6.9 0.684  
   17.6 0.998  
    5.1 0.662  
    7.3 0.932  
    6.0 0.488  
   33.5 0.988  
    5.7 0.949  
    2.9 0.904  
   19.4 0.983  
    8.5 0.966  
    6.1 0.981  
    6.4 0.534  
   16.6 0.170  
   10.5 0.654  
   10.9 0.464  
    9.1 0.983  
   22.8 0.858  
    5.7 0.860  
    5.1 0.526  
    4.8 0.826  
   14.4 0.281  
   13.5 0.422  
    5.6 0.998  
    4.3 0.924  
    3.8 0.910  
    3.3 0.988  
    6.1 0.772  
    5.9 0.974  
    2.0 0.818  
    3.8 0.952  
    3.9 0.292  
    7.6 0.848  
   13.3 0.942  
    6.0 0.598  
   13.1 0.768  
    5.1 0.878  
    8.3 0.501  
   76.6 0.992  
   25.7 0.623  
    7.3 0.078  
    2.5 0.972  
    7.8 0.907  
    6.5 0.541  
   10.1 0.886  
    3.0 0.411  
    6.4 0.925  
   18.9 0.990  
    7.7 0.960  
   12.4 0.958  
   27.1 1.000  
    3.7 0.593  
    9.9 0.897  
    2.1 0.945  
   12.5 0.790  
   19.6 0.154  
    5.6 0.488  
   22.6 0.480  
    8.2 0.720  
   14.9 0.981  
   12.4 0.654  
   10.6 0.638  
    9.5 0.148  
    7.5 0.809  
   12.3 0.625  
   15.5 0.989  
   19.1 0.492  
    6.3 0.471  
    4.4 0.740  
    5.1 0.709  
    8.8 0.952  
    7.3 0.681  
    8.7 0.413  
    4.1 0.221  
    4.4 0.959  
    6.1 0.876  
    8.9 0.888  
   25.1 0.994  
    7.3 0.991  
    8.9 0.256  
   11.2 0.833  
    4.8 0.585  
    8.8 0.238  
    9.2 0.368  
    1.9 0.891  
    2.9 0.974  
    7.1 0.945  
    7.6 0.881  
    6.7 0.893  
    9.7 0.865  
    5.8 0.969  
    5.8 0.534  
    8.1 0.982  
    6.9 0.993  
    5.7 0.926  
    7.7 0.994  
    4.5 0.863  
    2.6 0.989  
    3.3 0.948  
   10.9 0.997  
    7.9 0.788  
    4.1 0.909  
    6.7 0.942  
    2.3 0.908  
    3.7 0.597  
    4.2 0.994  
   10.5 0.814  
    2.0 0.955  
    5.6 0.675  
   13.2 0.661  
   13.6 0.994  
    6.3 0.986  
    4.9 0.812  
   11.3 0.982  
    5.8 0.738  
    5.4 0.962  
    5.7 0.979  
    6.8 0.842  
   12.1 0.150  
    5.5 0.969  
    5.7 0.849  
    5.3 0.925  
    4.2 0.990  
    7.6 0.958  
    5.5 0.987  
    4.6 0.984  
    7.4 0.798  
    5.3 0.958  
   68.2 0.729  
   13.1 0.593  
   12.8 0.789  
    5.8 0.986  
    4.5 0.912  
   18.1 0.219  
    7.6 0.683  
   10.4 0.939  
   10.0 0.544  
    7.2 0.933  
    5.1 0.951  
    2.3 0.956  
    8.0 0.971  
    5.4 0.952  
    8.7 0.682  
    6.6 0.772  
    9.3 0.998  
    6.3 0.997  
    6.5 0.987  
    3.2 0.982  
    1.9 0.667  
    6.0 0.961  
    7.5 0.992  
    3.3 0.970  
    4.1 0.916  
    
