    8.4 0.725  
   11.0 0.995  
   13.8 0.914  
    6.8 0.847  
    6.4 0.258  
    8.5 0.707  
   19.7 0.976  
    7.1 0.997  
   10.6 0.998  
   11.8 0.725  
   14.4 0.079  
   13.5 0.695  
   14.4 0.964  
    8.7 0.991  
    8.8 0.987  
    5.4 0.995  
   14.8 0.638  
   11.5 0.761  
    7.3 0.508  
   11.2 0.980  
    6.8 0.981  
    4.7 0.890  
   10.0 0.996  
    4.9 0.835  
    4.7 0.990  
    4.2 0.975  
   17.9 0.976  
    3.6 0.989  
   13.3 0.840  
    4.0 0.985  
    4.0 0.930  
   17.2 0.189  
   27.6 0.996  
   12.9 0.976  
    7.2 0.851  
   10.1 0.995  
   11.2 0.991  
   22.3 0.045  
   13.1 0.970  
    9.2 0.927  
    7.4 0.934  
    7.4 0.884  
    7.8 0.994  
   11.6 0.995  
   12.3 0.992  
    6.9 0.989  
   12.9 0.661  
    6.6 0.862  
    6.3 0.976  
   17.5 0.666  
   24.4 0.771  
   15.6 0.865  
   16.9 0.068  
    4.1 0.657  
    8.3 0.956  
   16.7 0.045  
   12.6 0.600  
    7.3 0.865  
    7.2 0.221  
    8.4 0.079  
   19.0 0.992  
    7.0 0.493  
    8.7 0.991  
    9.7 0.949  
   15.7 0.993  
   20.1 0.053  
   15.8 0.857  
   13.4 0.997  
    8.5 0.380  
   10.1 0.471  
    9.0 0.990  
   18.2 0.767  
    9.5 0.841  
   23.0 0.096  
   17.0 0.997  
   13.3 0.998  
   14.5 0.360  
    3.2 0.799  
    7.8 0.990  
    4.8 0.977  
   17.5 0.381  
    9.0 0.667  
    8.6 0.843  
    8.4 0.536  
   17.1 0.983  
   12.0 0.013  
    8.1 0.918  
    7.5 0.686  
    7.2 0.819  
    2.9 0.882  
    7.8 0.976  
   10.3 0.937  
    3.2 0.891  
   11.7 0.996  
   10.0 0.974  
   13.6 0.993  
    4.8 0.988  
    5.7 0.936  
   11.1 0.577  
    4.5 0.907  
   10.5 0.466  
    6.6 0.952  
    6.8 0.220  
   15.2 0.990  
   14.4 0.993  
    8.5 0.986  
   10.9 0.706  
   13.5 0.662  
   26.0 0.591  
    4.7 0.978  
    2.2 0.977  
    8.0 0.957  
    7.0 0.951  
   12.5 0.582  
    8.2 0.987  
   11.8 0.964  
    6.3 0.948  
   21.3 0.999  
   13.6 0.929  
    3.4 0.975  
    9.3 0.670  
   17.5 0.990  
   12.0 0.307  
   10.7 0.960  
    4.6 0.596  
   12.8 0.980  
   10.9 0.630  
   12.8 1.000  
   12.8 0.968  
   13.8 0.631  
    8.8 0.959  
    6.2 0.982  
    8.2 0.994  
   11.1 0.977  
    8.5 0.876  
    8.5 0.996  
   12.0 0.217  
    2.3 0.933  
    8.1 0.983  
   23.8 0.085  
   17.1 0.108  
   14.8 0.648  
   13.2 0.632  
    6.5 0.975  
    8.3 0.870  
   16.9 0.903  
   21.5 0.447  
    8.1 0.592  
    5.7 0.907  
   29.7 0.945  
    8.2 0.192  
    7.4 0.872  
    6.7 0.776  
   10.5 0.992  
   17.2 0.986  
   15.7 0.997  
    4.1 0.968  
    5.8 0.667  
    7.1 0.982  
   14.0 0.998  
   17.6 0.998  
    7.4 0.989  
   10.7 0.808  
   11.5 0.977  
    8.0 0.756  
   11.4 0.997  
   28.5 0.987  
    4.5 0.894  
   14.9 0.997  
    8.5 0.970  
    5.6 0.891  
   14.5 0.049  
   11.3 0.995  
    6.5 0.914  
    7.0 0.829  
   11.7 0.998  
    9.4 0.166  
   11.1 0.982  
    8.0 0.834  
   10.4 0.979  
   21.2 0.954  
    8.9 0.999  
    5.5 0.927  
   13.5 1.000  
    7.3 0.964  
    2.4 0.717  
    7.7 0.994  
   10.8 0.110  
    8.1 0.511  
   11.5 0.787  
   11.1 0.958  
    8.6 0.992  
    6.4 0.990  
   10.4 0.491  
    6.1 0.916  
    9.0 0.598  
    4.6 0.955  
    8.3 0.535  
   14.2 0.329  
    7.6 0.871  
   14.1 0.987  
   23.4 0.190  
    8.1 0.814  
    8.9 0.764  
   28.7 1.000  
   21.2 0.927  
    4.5 0.771  
    4.3 0.250  
    6.7 0.968  
    6.1 0.684  
    6.3 0.600  
    4.7 0.808  
    6.5 0.943  
    5.7 0.994  
    9.2 0.991  
   18.2 0.997  
   13.2 0.852  
   12.4 0.978  
    8.5 0.845  
    7.6 0.803  
   12.3 0.758  
    5.1 0.989  
   12.1 0.974  
   21.3 0.998  
    6.3 0.803  
   11.1 0.993  
    7.1 0.980  
   10.3 0.991  
   20.7 0.992  
   13.4 0.968  
   10.3 0.996  
    9.3 0.985  
    5.8 0.606  
   32.8 0.887  
    9.1 0.603  
    6.4 0.900  
   16.6 0.999  
    7.4 0.949  
    8.6 0.996  
   14.9 0.978  
   20.6 0.158  
    5.4 0.638  
    9.5 0.924  
    6.3 0.924  
   20.5 0.819  
   26.3 1.000  
   10.9 0.975  
   27.4 1.000  
    8.6 0.944  
   11.1 0.664  
   10.2 0.546  
    8.9 0.985  
    2.2 0.935  
   63.2 0.954  
    9.8 0.540  
    8.1 0.728  
    8.8 0.995  
   13.9 0.998  
    4.6 0.958  
   18.0 0.917  
    8.2 0.944  
    6.6 0.997  
   10.3 0.994  
    9.4 0.832  
    4.8 0.822  
    3.0 0.977  
   21.4 0.894  
   11.4 0.573  
    5.3 0.387  
    6.7 0.994  
    9.2 0.996  
    7.2 0.099  
   34.9 0.957  
   15.4 0.999  
   17.3 0.819  
   11.9 0.957  
    7.4 0.999  
    7.2 0.989  
    7.9 0.313  
    6.6 0.854  
    8.1 0.420  
   14.2 0.070  
    5.9 0.977  
    3.8 0.866  
    8.5 0.620  
    6.1 0.907  
   17.1 0.325  
    2.3 0.755  
   13.3 0.982  
    7.8 0.834  
    7.6 0.641  
    8.0 0.629  
    9.3 0.940  
    9.6 0.377  
    9.0 0.964  
   19.3 0.998  
    9.1 0.559  
   11.4 0.432  
    4.5 0.932  
    4.9 0.990  
   12.4 0.974  
    9.8 0.223  
    3.6 0.948  
    9.8 0.661  
    7.6 0.195  
   12.4 0.792  
   10.0 0.538  
   10.7 0.958  
   14.4 0.070  
    4.8 0.900  
    9.4 0.960  
   16.1 0.964  
   15.2 0.974  
    3.8 0.983  
    5.0 0.967  
    5.9 0.423  
   11.2 0.888  
    8.9 0.954  
    9.6 0.175  
    6.7 0.830  
    7.8 0.879  
    5.4 0.629  
   20.8 0.676  
   10.6 0.723  
   11.5 0.987  
    7.7 0.507  
    6.7 0.849  
    5.6 0.833  
   26.3 0.713  
    9.4 0.526  
    4.6 0.990  
   15.6 0.989  
    4.8 0.994  
   10.7 0.834  
   13.2 0.818  
    9.5 0.577  
    9.7 0.908  
   10.3 0.500  
    3.1 0.944  
    4.2 0.816  
   25.2 0.781  
    9.8 0.992  
   17.8 0.988  
    5.3 0.905  
    6.2 0.780  
   10.5 0.997  
    9.9 0.995  
   12.1 0.982  
   12.4 0.511  
    9.1 0.956  
    8.0 0.970  
   13.9 0.907  
    7.5 0.718  
    6.1 0.993  
   12.2 0.935  
    6.9 0.913  
   11.0 0.740  
    8.1 0.420  
    3.4 0.914  
   12.4 0.847  
   11.3 0.898  
   15.5 0.652  
    9.4 0.929  
    8.6 0.986  
   19.1 0.091  
    5.0 0.912  
    9.6 0.724  
   12.2 0.991  
    6.9 0.956  
   29.8 0.463  
   33.7 0.654  
   13.0 0.150  
   13.9 0.930  
   20.9 0.610  
    6.3 0.942  
   10.0 0.727  
   10.4 0.943  
    5.1 0.952  
    
