     1.5 1.000  
     1.8 1.000  
     6.0 1.000  
     2.7 1.000  
     9.4 1.000  
    10.4 1.000  
    11.9 0.999  
     8.3 0.913  
     7.5 0.976  
    11.2 1.000  
    10.7 1.000  
     1.3 1.000  
     1.7 1.000  
     2.0 1.000  
     5.6 0.972  
    18.8 1.000  
     4.9 1.000  
     2.9 1.000  
     2.1 1.000  
     3.6 0.999  
     3.0 1.000  
     2.7 0.999  
     2.5 1.000  
     1.5 0.999  
     2.9 1.000  
    11.0 1.000  
     6.8 1.000  
     0.3 1.000  
     3.4 0.986  
     5.3 0.959  
    10.2 1.000  
     4.3 1.000  
     4.6 1.000  
     4.3 1.000  
     8.0 1.000  
     1.7 1.000  
     6.3 0.992  
     1.7 1.000  
     5.2 1.000  
     4.7 0.999  
     7.6 1.000  
     3.1 1.000  
    13.9 1.000  
     5.1 1.000  
    34.7 1.000  
     3.2 1.000  
     1.3 1.000  
    20.4 1.000  
     1.6 1.000  
    18.8 1.000  
     3.2 1.000  
     6.0 0.975  
     4.2 0.993  
     4.2 0.993  
     2.3 1.000  
     3.3 1.000  
     2.3 1.000  
     7.1 0.989  
     2.5 0.998  
     1.3 1.000  
     4.0 1.000  
     6.4 1.000  
     3.6 1.000  
    11.4 1.000  
     3.5 1.000  
     8.9 1.000  
     8.4 0.282  
     2.8 1.000  
     8.3 1.000  
     6.9 1.000  
     2.3 1.000  
     8.6 1.000  
     3.6 1.000  
     3.6 1.000  
     4.0 0.999  
     2.6 1.000  
    16.5 1.000  
     2.4 1.000  
     1.3 1.000  
     5.7 1.000  
     4.2 0.999  
     5.3 1.000  
     1.7 1.000  
     2.8 1.000  
     3.0 1.000  
     4.7 0.998  
    16.2 1.000  
     4.8 0.995  
    13.7 1.000  
     0.8 1.000  
     6.9 1.000  
     5.2 1.000  
     6.7 0.850  
     1.9 1.000  
     2.6 1.000  
     4.0 1.000  
     4.6 1.000  
     7.5 1.000  
     2.4 1.000  
     0.8 0.999  
     3.7 1.000  
    21.3 1.000  
     0.4 1.000  
     1.8 0.996  
     3.8 0.999  
     6.5 0.994  
     2.4 1.000  
    22.9 0.151  
     8.9 0.953  
     8.9 1.000  
     4.5 1.000  
     2.3 1.000  
     8.0 1.000  
     2.5 1.000  
    30.6 0.985  
     4.2 0.956  
     4.1 0.998  
     3.8 1.000  
     7.7 1.000  
     4.7 1.000  
     3.5 0.995  
     6.7 1.000  
     5.1 1.000  
     4.8 1.000  
     4.3 1.000  
     4.9 0.945  
     7.3 1.000  
     5.5 1.000  
     2.2 1.000  
     2.3 1.000  
    14.7 1.000  
     6.6 1.000  
    13.9 0.956  
    23.5 1.000  
     1.9 1.000  
     4.1 1.000  
     6.9 1.000  
     3.7 1.000  
    17.6 1.000  
    13.3 1.000  
     1.6 1.000  
     2.9 1.000  
     8.0 1.000  
    14.7 1.000  
     3.0 1.000  
     5.2 0.993  
     8.5 1.000  
     4.7 1.000  
    83.1 1.000  
     2.9 1.000  
     4.7 1.000  
     8.9 0.589  
    27.7 0.000  
     5.7 1.000  
    52.5 1.000  
     4.6 1.000  
     8.9 1.000  
     2.5 1.000  
