  6.9 0.841  
  0.8 0.845  
  3.6 0.874  
  5.5 0.984  
  7.6 0.436  
  2.3 0.908  
  5.2 0.802  
  4.7 0.553  
  3.8 0.771  
 11.1 0.998  
 13.9 0.188  
  2.1 0.947  
  1.7 0.918  
  6.0 0.920  
  2.5 0.978  
  4.0 0.849  
  1.8 0.774  
  1.5 0.864  
  5.7 0.694  
  1.3 0.755  
  2.0 0.949  
  6.1 0.983  
  9.3 0.989  
  1.6 0.601  
  1.8 0.466  
  2.6 0.862  
  3.2 0.759  
 10.8 0.389  
  2.4 0.415  
 23.4 0.985  
  4.6 0.710  
  3.7 0.822  
  4.7 0.405  
  0.7 0.857  
  8.2 0.971  
  2.7 0.838  
  5.7 0.804  
  2.2 0.888  
  1.4 0.873  
  1.7 0.735  
  3.1 0.773  
  1.3 0.675  
  2.5 0.965  
  4.5 0.766  
  8.9 0.992  
  2.3 0.352  
  0.6 0.930  
  1.2 0.953  
  6.2 0.943  
  2.7 0.954  
  6.1 0.921  
  5.9 0.994  
  3.1 0.801  
  5.4 0.993  
  5.8 0.992  
  8.7 0.299  
  7.1 0.958  
  1.6 0.542  
  0.9 0.758  
  1.2 0.965  
  4.1 0.496  
  2.0 0.940  
  6.4 0.995  
 16.7 0.759  
  1.3 0.477  
  8.7 0.634  
 15.6 0.591  
  4.8 0.832  
 10.4 0.776  
  7.5 0.354  
  3.0 0.957  
  7.2 0.779  
 14.3 0.812  
  4.3 0.890  
  9.1 0.212  
  5.1 0.911  
  2.0 0.787  
  5.1 0.953  
  6.3 0.684  
  2.3 0.763  
 11.4 0.973  
  6.2 0.979  
  2.2 0.699  
  1.0 0.617  
  3.9 0.879  
  1.2 0.780  
  1.1 0.951  
  1.5 0.829  
  1.9 0.893  
  3.1 0.695  
  4.3 0.970  
  5.1 0.780  
  2.4 0.879  
  9.7 0.811  
  4.8 0.995  
  4.3 0.409  
  3.1 0.943  
  3.1 0.929  
  2.6 0.901  
  3.0 0.962  
  6.8 0.724  
  1.3 0.643  
  3.4 0.742  
  3.1 0.744  
  4.2 0.430  
  2.6 0.806  
  1.3 0.963  
  4.3 0.464  
  9.4 0.136  
  2.9 0.917  
  0.7 0.867  
  3.4 0.973  
  1.1 0.665  
  2.4 0.981  
  1.5 0.936  
  0.9 0.744  
  2.4 0.987  
  4.7 0.971  
  1.3 0.936  
  2.0 0.895  
  3.4 0.308  
  4.1 0.764  
  3.2 0.388  
  6.4 0.210  
  2.3 0.890  
  1.5 0.595  
  4.7 0.980  
  2.7 0.896  
  4.7 0.985  
  1.5 0.816  
  4.6 0.878  
  7.7 0.993  
 14.6 0.098  
 25.7 0.973  
  3.1 0.862  
  3.3 0.289  
  2.5 0.910  
  3.3 0.974  
  3.2 0.174  
  5.0 0.925  
  3.1 0.822  
  1.4 0.595  
  7.7 0.857  
  2.0 0.975  
  5.1 0.879  
  4.0 0.611  
  7.8 0.067  
  3.4 0.865  
146.7 0.999  
  2.7 0.922  
  8.4 0.202  
  5.6 0.191  
 31.1 0.000  
  2.6 0.513  
  4.9 0.638  
  1.1 0.560  
  6.5 0.811  
  3.3 0.897  
